Problema de flujos en redes

Matriz de incidencias nodos arcos                                            

 1 1 1 1 0 0 0 0 0 0 0 0 0                                            
 0 0-1 0 1 1 1 0 0 0 0 0 0                                            
 0-1 0 0 0 0-1 1 1 0 0 0 0                                            
-1 0 0 0 0-1 0 0-1 1 1 0 0                                            
 0 0 0-1 0 0 0 0 0 0 0 1 0                                            
 0 0 0 0-1 0 0 0 0-1 0 0 1                                            
 0 0 0 0 0 0 0-1 0 0-1-1-1

b = ( 5, 1, 3, 1, 2, 5, 4, 2, 2, 2, 2, 4, 1)                     
c = ( 3, 4, 2, 5, 3, 4, 4, 4, 3, 5, 2, 3, 1)                     

