Problema de flujos en redes 

Matriz de incidencias nodos arcos                                            

 1 1 1 0 0 0 0 0 0 0 0 0 0                                
-1 0 0 1 1 0 0 0 0 0 0 0 0                                
 0 0-1 0 0 1 1 1 0 0 0 0 0                                
 0 0 0 0 0-1 0 0 1 1 0 0 0                                
 0 0 0 0 0 0 0-1 0 0 1 1 0                                
 0-1 0 0-1 0 0 0-1 0 0-1 1                                
 0 0 0-1 0 0-1 0 0-1-1 0-1                                

b = ( 2, 4, 3, 2, 4, 1, 2, 1, 2, 1, 4, 5, 3)      
c = ( 4, 5, 5, 5, 1, 5, 5, 1, 2, 3, 4, 1, 4)      

