Problema de flujos en redes

Matriz de incidencias nodos arcos                                            

 1 1 1 1 0 0 0 0 0 0 0 0 0 0                                    
-1 0 0 0 1 1 1 0 0 0 0 0 0 0
 0 0 0 0 0-1 0 1 1 1 0 0 0 0                                    
 0 0 0-1 0 0 0 0 0-1 1 0 0 0                                    
 0-1 0 0 0 0 0 0-1 0-1 1 1 0                                    
 0 0-1 0-1 0 0 0 0 0 0-1 0 1                                    
 0 0 0 0 0 0-1-1 0 0 0 0-1-1                                    

b = ( 3, 5, 2, 1, 2, 2, 4, 3, 2, 4, 1, 1, 2, 3)         
c = ( 2, 5, 5, 4, 1, 1, 2, 1, 2, 2, 5, 4, 1, 3)         

