Problema de flujos en redes

Matriz de incidencias nodos arcos                                            

 1 1 0 0 0 0 0 0 0 0 0 0 0 0                                                                  -1 0 1 1 1 0 0 0 0 0 0 0 0 0                                   
 0-1 0-1 0 1 1 1 0 0 0 0 0 0                                   
 0 0 0 0-1 0 0-1 1 1 1 0 0 0                                   
 0 0 0 0 0-1 0 0 0-1 0 1 1 0                                   
 0 0 0 0 0 0 0 0 0 0-1-1 0 1                                   
 0 0-1 0 0 0-1 0-1 0 0 0-1-1                                   
 
b = ( 4, 3, 4, 3, 2, 5, 4, 5, 2, 3, 1, 5, 1, 4)      
c = ( 1, 5, 1, 3, 5, 5, 4, 1, 4, 1, 4, 4, 1, 4)      


