Problema de flujos en redes

Matriz de incidencias nodos arcos                                            
 
 1 1 1 0 0 0 0 0 0 0 0 0 0 0                                       
-1 0 0 1 1 1 0 0 0 0 0 0 0 0                                       
 0-1 0-1 0 0 1 1 0 0 0 0 0 0                                       
 0 0 0 0-1 0 0 0 1 1 1 0 0 0                                       
 0 0 0 0 0-1 0 0-1 0 0 1 1 0                                       
 0 0-1 0 0 0-1 0 0 0-1 0-1 1                                       
 0 0 0 0 0 0 0-1 0-1 0-1 0-1                                       
                                                                                
b = ( 3, 5, 1, 3, 5, 3, 2, 5, 3, 5, 5, 4, 2, 2)            
c = ( 1, 3, 3, 3, 1, 1, 4, 3, 3, 4, 2, 3, 5, 4)            

