Problema de flujos en redes

Matriz de incidencias nodos arcos                                            
 
 1 1 1 0 0 0 0 0 0 0 0 0 0                                         
-1 0 0 1 1 0 0 0 0 0 0 0 0                                         
 0 0-1 0 0 1 1 0 0 0 0 0 0                                         
 0 0 0 0 0 0-1 1 1 1 0 0 0                                         
 0 0 0-1 0 0 0-1 0 0 1 1 0                                         
 0 0 0 0 0 0 0 0 0-1 0-1 1                                         
 0-1 0 0-1-1 0 0-1 0-1 0-1                                         
                                         

b = ( 1, 5, 5, 4, 5, 4, 5, 3, 5, 5, 1, 3, 4)               
c = ( 5, 1, 2, 4, 1, 4, 2, 5, 3, 2, 2, 1, 5)               


