Problema de flujos en redes

Matriz de incidencias nodos arcos                                            

 1 1 1 1 0 0 0 0 0 0 0 0 0 0 
 0 0 0-1 1 1 1 1 0 0 0 0 0 0                                     
 0 0 0 0 0 0 0-1 1 1 1 0 0 0                                     
-1 0 0 0-1 0 0 0-1 0 0 1 1 0                                     
 0-1 0 0 0-1 0 0 0 0-1 0-1 1                                     
 0 0-1 0 0 0-1 0 0-1 0-1 0-1                                     

b = ( 1, 4, 3, 4, 1, 2, 1, 5, 4, 4, 2, 5, 1, 5)         
c = ( 5, 5, 2, 4, 5, 1, 4, 4, 5, 5, 5, 4, 3, 3)         

