Problema de flujos en redes

Matriz de incidencias nodos arcos                                            

 1 1 1 1 0 0 0 0 0 0 0 0 0 0                                          
-1 0 0 0 1 1 1 0 0 0 0 0 0 0                                          
 0 0 0 0 0 0-1 1 1 0 0 0 0 0                                          
 0 0 0 0 0-1 0-1 0 1 1 0 0 0                                          
 0 0-1 0-1 0 0 0 0 0-1 1 1 0                                          
 0 0 0-1 0 0 0 0 0 0 0-1 0 1                                          
 0-1 0 0 0 0 0 0-1-1 0 0-1-1                                          

b = ( 1, 4, 4, 1, 4, 1, 2, 1, 4, 1, 4, 3, 2, 3)                  
c = ( 1, 5, 5, 1, 2, 4, 5, 3, 2, 3, 1, 5, 5, 2)                  

