Problema de flujos en redes

Matriz de incidencias nodos arcos                                            

 1 1 1 0 0 0 0 0 0 0 0 0 0                                                
-1 0 0 1 1 0 0 0 0 0 0 0 0                                          
 0 0 0-1 0 1 1 0 0 0 0 0 0                                          
 0 0-1 0 0-1 0 1 1 1 0 0 0                                            
 0-1 0 0 0 0 0-1 0 0 1 1 0                                          
 0 0 0 0-1 0 0 0-1 0-1 0 1
 0 0 0 0 0 0-1 0 0-1 0-1-1                                           

b = ( 2, 1, 3, 1, 3, 1, 4, 5, 4, 4, 2, 2, 1)                  
c = ( 3, 2, 1, 2, 3, 4, 5, 3, 5, 1, 2, 2, 4)                  

