Problema de flujos en redes

Matriz de incidencias nodos arcos                                            
 
 1 1 0 0 0 0 0 0 0 0 0 0 0 0                                       
-1 0 1 1 1 1 0 0 0 0 0 0 0 0                                       
 0 0 0-1 0 0 1 1 0 0 0 0 0 0                                       
 0 0 0 0 0-1 0 0 1 1 1 0 0 0                                       
 0-1 0 0 0 0-1 0 0 0-1 1 1 0                                       
 0 0 0 0-1 0 0 0 0-1 0-1 0 1                                       
 0 0-1 0 0 0 0-1-1 0 0 0-1-1                                       
 
b = ( 1, 5, 3, 2, 2, 3, 1, 3, 5, 4, 3, 1, 4, 3)            
c = ( 2, 1, 4, 4, 5, 2, 3, 5, 4, 5, 5, 3, 5, 3)            

