Problema de flujos en redes

Matriz de incidencias nodos arcos                                            

 1 1 1 0 0 0 0 0 0 0 0 0 0                                            
-1 0 0 1 1 1 0 0 0 0 0 0 0                                            
 0 0 0 0 0-1 1 1 0 0 0 0 0                                            
 0-1 0 0-1 0 0 0 1 1 0 0 0                                            
 0 0-1 0 0 0-1 0-1 0 1 1 0                                            
 0 0 0-1 0 0 0-1 0 0 0-1 1                                            
 0 0 0 0 0 0 0 0 0-1-1 0-1                                            

b = ( 1, 5, 4, 2, 2, 5, 3, 4, 4, 3, 4, 1, 5)                     
c = ( 2, 5, 1, 2, 3, 4, 3, 1, 3, 3, 5, 1, 4)                     

