Problema de flujos en redes

Matriz de incidencias nodos arcos                                            
 
 1 1 1 1 0 0 0 0 0 0 0 0 0 0 0 0                                       
 0 0-1 0 1 1 1 1 0 0 0 0 0 0 0 0                                       
 0 0 0 0-1 0 0 0 1 1 1 0 0 0 0 0                                       
 0-1 0 0 0 0 0 0 0 0 0 1 1 0 0 0                                       
-1 0 0 0 0-1 0 0-1 0 0 0-1 1 1 0                                       
 0 0 0-1 0 0 0-1 0 0-1 0 0-1 0 1                                       
 0 0 0 0 0 0-1 0 0-1 0-1 0 0-1-1                                       
 
b = ( 5, 5, 2, 3, 5, 2, 4, 1, 1, 3, 2, 2, 1, 2, 2, 2)            
c = ( 4, 3, 4, 1, 4, 1, 1, 3, 2, 2, 3, 2, 4, 3, 4, 4)            

