Problema de flujos en redes

Matriz de incidencias nodos arcos                                            

 1 1 1 0 0 0 0 0 0 0 0 0 0 0                                                                 
-1 0 0 1 1 1 0 0 0 0 0 0 0 0                                          
 0-1 0 0 0 0 1 1 1 0 0 0 0 0                                          
 0 0-1 0-1 0 0-1 0 1 1 0 0 0                                          
 0 0 0 0 0 0 0 0 0-1 0 1 1 0                                          
 0 0 0 0 0-1-1 0 0 0-1 0-1 1                                          
 0 0 0-1 0 0 0 0-1 0 0-1 0-1                                          

b = (4, 2, 3, 5, 5, 3, 5, 4, 3, 1, 2, 3, 1, 5)                  
c = (4, 5, 2, 5, 2, 4, 5, 2, 1, 1, 3, 3, 5, 4)                  

