Problema de flujos en redes

Matriz de incidencias nodos arcos                                            

 1 1 1 1 0 0 0 0 0 0 0 0 0
 0 0 0-1 1 1 1 0 0 0 0 0 0                                      
 0 0 0 0 0-1 0 1 1 0 0 0 0                                      
 0 0-1 0 0 0-1 0 0 1 0 0 0                                      
 0-1 0 0 0 0 0 0-1 0 1 1 0                                      
-1 0 0 0-1 0 0 0 0 0 0-1 1                                      
 0 0 0 0 0 0 0-1 0-1-1 0-1                                      

b = ( 3, 3, 2, 3, 2, 1, 2, 4, 4, 4, 1, 2, 3)            
c = ( 2, 3, 3, 5, 3, 2, 1, 3, 5, 2, 2, 5, 2)            
