Problema de flujos en redes

Matriz de incidencias nodos arcos                                            

 1 1 1 0 0 0 0 0 0 0 0 0 0 0 0 0                                      
 0-1 0 1 1 1 1 0 0 0 0 0 0 0 0 0                                      
-1 0 0-1 0 0 0 1 1 1 1 0 0 0 0 0                                      
 0 0 0 0 0 0-1 0-1 0 0 1 1 0 0 0                                      
 0 0 0 0-1 0 0 0 0 0 0-1 0 1 1 0                                      
 0 0 0 0 0-1 0 0 0-1 0 0 0-1 0 1                                      
 0 0-1 0 0 0 0-1 0 0 0 0 0 0-1 0                                      
 0 0 0 0 0 0 0 0 0 0-1 0-1 0 0-1                                     
 
b = ( 1, 3, 5, 5, 5, 1, 3, 1, 1, 3, 3, 1, 4, 4, 1, 3)         
c = ( 4, 3, 3, 5, 4, 1, 4, 5, 3, 3, 3, 3, 1, 5, 4, 2)         

