Problema de flujos en redes

Matriz de incidencias nodos arcos                                   
         
 1 1 1 1 0 0 0 0 0 0 0 0 0 0                                        
 0 0 0-1 1 1 1 0 0 0 0 0 0 0                                        
 0-1 0 0 0 0 0 1 1 0 0 0 0 0                                        
-1 0 0 0 0 0-1 0 0 1 1 1 0 0                                        
 0 0 0 0 0 0 0 0-1 0-1 0 1 0                                        
 0 0-1 0 0-1 0-1 0 0 0-1-1 1                                        
 0 0 0 0-1 0 0 0 0-1 0 0 0-1                                        

b = ( 5, 1, 1, 2, 4, 4, 1, 5, 3, 1, 1, 3, 1, 1)               
c = ( 1, 5, 4, 4, 3, 3, 3, 1, 5, 1, 5, 4, 2, 3)               

