Problema de flujos en redes

Matriz de incidencias nodos arcos                                            

 1 1 1 1 0 0 0 0 0 0 0 0                                      
 0-1 0 0 1 1 1 0 0 0 0 0                                      
 0 0 0-1 0 0 0 1 1 1 0 0                                      
 0 0 0 0-1 0 0 0-1 0 1 0                                      
-1 0 0 0 0 0-1-1 0 0 0 1                                      
 0 0-1 0 0-1 0 0 0-1-1-1                                      

b = ( 1, 5, 2, 3, 4, 2, 5, 3, 2, 4, 1, 2)            
c = ( 5, 2, 2, 4, 4, 3, 2, 2, 2, 3, 4, 2)            

