Problema de flujos en redes

Matriz de incidencias nodos arcos                                            

 1 1 1 0 0 0 0 0 0 0 0 0 0 0                                                                 
-1 0 0 1 1 0 0 0 0 0 0 0 0 0                                  
 0 0-1 0 0 1 1 1 0 0 0 0 0 0                                  
 0 0 0-1 0 0-1 0 1 1 1 0 0 0                                  
 0 0 0 0-1 0 0 0 0 0-1 1 1 0                                  
 0 0 0 0 0 0 0-1-1 0 0 0-1 1                                  
 0-1 0 0 0-1 0 0 0-1 0-1 0-1                                  
 
 b = ( 5, 4, 3, 3, 1, 2, 5, 3, 5, 2, 5, 2, 5, 1)      
 c = ( 2, 5, 4, 3, 5, 3, 3, 3, 2, 1, 2, 1, 1, 5)      

