Problema de flujos en redes

Matriz de incidencias nodos arcos                                            

 1 1 1 0 0 0 0 0 0 0 0 1                                           
 0 0-1 0 0 0 0 0 1 1 1 0                                           
 0-1 0 1 1 0 0 0 0 0 0 0                                           
-1 0 0 0-1 1 1 0-1 0 0 0                                            
 0 0 0-1 0 0-1 1 0-1 0-1                                           
 0 0 0 0 0-1 0-1 0 0-1 0                                           

b = ( 3, 3, 2, 4, 4, 4, 1, 2, 3, 3, 1, 2)                     
c = ( 1, 5, 1, 2, 3, 4, 1, 5, 1, 3, 2, 3)                     

