Problema de flujos en redes

Matriz de incidencias nodos arcos                                            

 1 1 1 1 0 0 0 0 0 0 0 0 0 0                                          
-1 0 0 0 1 1 0 0 0 0 0 0 0 0                                          
 0-1 0 0 0 0 1 1 1 0 0 0 0 0                                          
 0 0 0-1 0 0 0 0-1 1 1 1 0 0                                          
 0 0 0 0-1 0 0 0 0 0-1 0 1 0                                          
 0 0-1 0 0 0 0-1 0-1 0 0 0 1                                          
 0 0 0 0 0-1-1 0 0 0 0-1-1-1                                          

b = ( 5, 3, 5, 3, 3, 5, 2, 4, 2, 5, 5, 3, 3, 3)                  
c = ( 3, 2, 2, 5, 1, 2, 2, 5, 3, 2, 1, 2, 5, 5)                  

